id;name;address;phone
1;prostrate;next;025 6976 7307
2;oddly sadly;resolve barring;0232 8759 9082
3;quirkily throughout;intoxicate jeopardize declination;0241 8385 5638
4;what geez massive;agency gah dreary;023 5487 2003
5;climb chief;rejuvenate;028 5114 4853
6;capitalism whether;once;021 0768 0619
7;aboard;faze;0277 2559 9468
8;channel clog nervously;except blond;0271 0851 7562
9;oh;per norm plus;0243 6093 0042
10;woot per or;gadzooks ew towards;028 9233 7880
